# Lantern Extractor - Sound Information
# Format: Sound1, Sound2, PosX, PosY, PosZ, Cooldown1, Cooldown2, RandomDelay
fire_lp,,2,0,-325.2676,16.2908,48.92964,50,0,0,0
fire_lp,,2,0,28.07198,215.3789,2.236001,40,0,0,0
wtr_pool,,2,0,76.90823,-0.7727547,-9.05135,100,0,0,0
wtr_pool,,2,0,-47.6502,-64.04191,-11.72846,100,0,0,0
wtr_pool,,2,0,-40.90038,60.61275,-11.30816,100,0,0,0
wtr_pool,,2,0,-379.6938,-156.5743,4.570056,90,0,0,0
,night,0,0,-15.83835,-269.3044,35.74626,100,0,0,0
,night,0,0,-148.6702,115.8131,13.1876,220,0,0,0
wind_lp4,wind_lp4,0,0,342.1087,-1.789691,57.77669,120,0,0,0
